0 Buffer Stop - robust, aesthetic look
0 Name: Buffer Stop
0 Author: Zapfenkiller
0 !LICENSE Free for non-commercial use.
0 !CATEGORY train
1 8 0 0 -50 1 0 0 0 1 0 0 0 1 3004.dat
1 7 -10 -24 -50 0 0 -1 0 1 0 1 0 0 3040b.dat
1 7 -10 -24 50 0 0 -1 0 1 0 1 0 0 3040b.dat
1 8 0 0 50 1 0 0 0 1 0 0 0 1 3004.dat
1 15 -12 -110 -30 0 1 0 0 0 -1 -1 0 0 3900.dat
1 4 -20 -110 -30 0 1 0 0 0 1 1 0 0 3070b.dat
1 8 -4 -38 30 0 -1 0 1 0 0 0 0 1 15712.dat
1 8 -4 -38 -30 0 -1 0 1 0 0 0 0 1 15712.dat
1 8 90 16 -30 -1 0 0 0 1 0 0 0 -1 15712.dat
1 8 90 16 30 -1 0 0 0 1 0 0 0 -1 15712.dat
1 0 -28 -38 -50 0 -1 0 0 0 1 -1 0 0 6141.dat
1 0 -36 -38 -50 0 -1 0 0 0 1 -1 0 0 6141.dat
1 0 -44 -38 -50 0 -1 0 0 0 1 -1 0 0 2654.dat
1 0 -28 -38 50 0 -1 0 0 0 1 -1 0 0 6141.dat
1 0 -36 -38 50 0 -1 0 0 0 1 -1 0 0 6141.dat
1 0 -44 -38 50 0 -1 0 0 0 1 -1 0 0 2654.dat
1 7 -10 -64 -30 0 0 1 0 1 0 -1 0 0 85861.dat
1 7 -10 -48 50 0 0 -1 0 1 0 1 0 0 4070.dat
1 7 -10 -48 -50 0 0 -1 0 1 0 1 0 0 4070.dat
1 7 4 -38 50 0 -1 0 0 0 1 -1 0 0 3070b.dat
1 7 4 -38 -50 0 -1 0 0 0 1 -1 0 0 3070b.dat
1 8 -40 16 0 -1 0 0 0 1 0 0 0 -1 53401.dat
1 0 73.174 -0.923 -30 -0.469 -0.883 0 0.883 -0.469 0 0 0 1 87994.dat
1 0 2.538 -38.481 -30 -0.469 -0.883 0 0.883 -0.469 0 0 0 1 23443.dat
1 0 90.833 8.466 -30 -0.469 0.883 0 0.883 0.469 0 0 0 -1 23443.dat
1 0 90.833 8.466 30 -0.469 0.883 0 0.883 0.469 0 0 0 -1 23443.dat
1 0 73.174 -0.923 30 -0.469 -0.883 0 0.883 -0.469 0 0 0 1 87994.dat
1 0 2.538 -38.481 30 -0.469 -0.883 0 0.883 -0.469 0 0 0 1 23443.dat
1 6 -20 -38 0 0 -1 0 0 0 -1 1 0 0 3460.dat
1 7 -10 -56 0 0 0 -1 0 1 0 1 0 0 3666.dat
1 6 -12 -38 70 0 -1 0 0 0 -1 1 0 0 3070a.dat
1 6 -12 -38 0 0 -1 0 0 0 1 -1 0 0 92593.dat
1 2 50 0 10 -0.966 0 0.259 0 1 0 -0.259 0 -0.966 6255.dat
1 2 50 -12 10 -0.966 0 -0.259 0 1 0 0.259 0 -0.966 3741a.dat
1 0 -10 -56 50 -0.866 0 0.5 0 1 0 -0.5 0 -0.866 98388p02.dat
1 6 -12 -38 -70 0 -1 0 0 0 -1 1 0 0 3070a.dat
